pose:
  targets:
    shelf:
      px: 1.196333777758003
      py: 0.07477577636803914
      pz: 0.0
      ox: 0.0
      oy: 0.0
      oz: 0.6930391942347827
      ow: 0.7208999065434835
    
    kitchen:
      px: 2.456724938601169
      py: -1.6810320240695624
      pz: 0.0
      ox: 0.0
      oy: 0.0
      oz: 0.9821932369333697
      ow: 0.18787348222234443

    operator:
      px: 1.4321232782519988
      py: -1.6939804243223158
      pz: 0.0
      ox: 0.0
      oy: 0.0
      oz: 0.756565058266016
      ow: 0.653918429630898