pose:
  targets:
    kitchen:
      px: 3.160123010076427
      py: -1.7323655553643218
      pz: 0.0
      ox: 0.0
      oy: 0.0
      oz: 0.493205178748695
      ow: 0.8699130138441818
    kitchen1:
      px: 2.3225387623825373
      py: 0.19278183906298177
      pz: 0.0
      ox: 0.0
      oy: 0.0
      oz: -0.036349858735009455
      ow: 0.999339125507425
    kitchen2:
      px: 2.339322659734981
      py: -0.4090018447059095
      pz: 0.0
      ox: 0.0
      oy: 0.0
      oz: 0.42665149487293247
      ow: 0.9044161110477257
