pose:
  targets:
    table: 
      px: 1.409265703
      py: -0.25851191
      pz: 0.0
      ox: 0.0
      oy: 0.0
      oz: -0.07034436746910022
      ow: 0.9975227666401265





