pose:
  targets:
    locker:
      px: 5.9581895281174555
      py: 1.8815621791215658
      pz: 0.0 
      ox: 0.0
      oy: 0.0
      oz: -0.7676044439567848
      ow: 0.6409238781772725
    release: 
      px: 6.011061992094028
      py: 4.268632689084334
      pz: 0.0 
      ox: 0.0
      oy: 0.0
      oz: 0.7369581425421508
      ow: 0.6759383819112679
    prateleira:
      px: 4.78692027698
      py: -0.081549706314
      pz: 0.0 
      ox: 0.0
      oy: 0.0
      oz: -0.705152486419
      ow: 0.70905568956
    prateleira_itec:
      px: -2.5041028444080857
      py: 0.4455053102624557
      pz: 0.0
      ox: 0.0
      oy: 0.0
      oz: -0.710991981573827
      ow: 0.7032001152856296

