pose:
  targets:
    waypoint_1:
      px: 3.73925924301
      py: 5.81410360336
      pz: 0.0 
      ox: 0.0
      oy: 0.0
      oz: 0.735470456505
      ow: 0.677556792903
    waypoint_2:
      px: 3.73925924301
      py: 5.81410360336
      pz: 0.0 
      ox: 0.0
      oy: 0.0
      oz: 0.735470456505
      ow: 0.677556792903
    exit:
      px: 3.73925924301
      py: 5.81410360336
      pz: 0.0 
      ox: 0.0
      oy: 0.0
      oz: 0.735470456505
      ow: 0.677556792903
