pose:
  targets:
    waypoint_1:
      px: 7.342226147138096
      py: 8.022353178254019
      pz: 0.0
      ox: 0.0
      oy: 0.0
      oz: 0.00013989086359367085
      ow: 0.9999999902152731
    waypoint_2:
      px: 7.6578436311538525
      py: 1.9058558246133632
      pz: 0.0
      ox: 0.0
      oy: 0.0
      oz: 0.9890264836375096
      ow: 0.147738331734263
    exit:
      px: 1.36918612972956
      py: 8.984366395794968
      pz: 0.0
      ox: 0.0
      oy: 0.0
      oz: 0.9996637330891657
      ow: 0.025931076842918847
