pose:
  targets:
    waypoint_1:
      px: 6.042361840392048
      py: 3.439165585611309
      pz: 0.0
      ox: 0.0
      oy: 0.0
      oz: 0.7498152228270587
      ow: 0.6616472864123364
    waypoint_2:
      px: 6.568378222650178
      py: 0.3557655678567477
      pz: 0.0 
      ox: 0.0
      oy: 0.0
      oz: -0.004296809449230455
      ow: 0.9999907686716698
    exit:
      px: 3.3879707349972787
      py: -2.645829608010361
      pz: 0.0 
      ox: 0.0
      oy: 0.0
      oz: -0.9553984588511077
      ow: 0.2953198009360838


