pose:
  targets:
    examination:
      px: -1.057859810896941
      py: -0.30113239223112476
      pz: 0.0
      ox: 0.0
      oy: 0.0
      oz: -0.005099180592762238
      ow: 0.9999869990941295
    exit:
      px: -1.057859810896941
      py: -0.30113239223112476
      pz: 0.0
      ox: 0.0
      oy: 0.0
      oz: -0.005099180592762238
      ow: 0.9999869990941295