pose:
  targets:
    kitchen:
      px: 4.502974901082112
      py: -0.7025789023135467
      pz: 0.0
      ox: 0.0
      oy: 0.0
      oz: -0.9890699685687933
      ow: 0.14744693036929044
    kitchen1:
      px: 1.2643732687701819
      py: 0.18026395574935225
      pz: 0.0
      ox: 0.0
      oy: 0.0
      oz: -0.05372799893428762
      ow: 0.9985556079310342
    kitchen2:
      px: 2.3924513688670657
      py: 0.8728400161728308
      pz: 0.0
      ox: 0.0
      oy: 0.0
      oz: -0.5557663637784029
      ow: 0.8313385284542826
