pose:
  targets:
    waypoint_1:
      px: 3.2289772033691406
      py: 1.776637077331543
      pz: 0.0
      ox: 0.0
      oy: 0.0
      oz: -0.7090003545559975
      ow: 0.7052081233504545
    waypoint_2:
      px: 3.138341654270176
      py: 2.6120605950710405
      pz: 0.0
      ox: 0.0
      oy: 0.0
      oz: -0.645381907465001
      ow: 0.763860061475161
    exit:
      px: -0.401448130607605
      py: 5.473906517028809
      pz: 0.0
      ox: 0.0
      oy: 0.0
      oz: 0.9996924923470413
      ow: 0.02479759554797053