pose:
  targets:
    waypoint_1:
      px: -7.119885444641113
      py: -6.250558376312256
      pz: 0.0
      ox: 0.0
      oy: 0.0
      oz: 0.03285678951356996
      ow: 0.9994600699291898
    waypoint_2:
      px: -3.7862658500671387
      py: -7.181522369384766
      pz: 0.0
      ox: 0.0
      oy: 0.0
      oz: 0.709396956218474
      ow: 0.7048091646027062
    exit:
      px: -3.736771583557129
      py: -0.202620267868042
      pz: 0.0
      ox: 0.0
      oy: 0.0
      oz: 0.9087913807127862
      ow: 0.4172507954961234