pose:
  targets:
    waypoint_1:
      px: 2.0356481444128542
      py: 0.6267256410513812
      pz: 0.0
      ox: 0.0
      oy: 0.0
      oz: -0.3973611260764374
      ow: 0.9176623210545727
    waypoint_2:
      px: 4.082319599491782
      py: -0.8889301488310711
      pz: 0.0
      ox: 0.0
      oy: 0.0
      oz: 0.9716373873692273
      ow: 0.23647576507181897
    exit:
      px: -0.5508830547332764
      py: -0.1224798709154129
      pz: 0.0
      ox: 0.0
      oy: 0.0
      oz: 0.9714383203367802
      ow: 0.23729220337224546
    


