pose:
  targets:
    living_room: 
      px: -11.205980123210482
      py: -5.971964121576364
      pz: 0.0
      ox: 0.0
      oy: 0.0
      oz: -0.2535824278252746
      ow: 0.967313781716274
    living_room_unknown: 
      px: 0.0
      py: 0.0
      pz: 0.0
      ox: 0.0
      oy: 0.0
      oz: 0.0
      ow: 1.0
