pose:
  targets:
    waypoint_1:
      px: 1.3788141117477652
      py: 0.010907431659402536
      pz: 0.0
      ox: 0.0
      oy: 0.0
      oz: -0.013324562482147348
      ow: 0.9999112240767474
    waypoint_2:
      px: 1.2739266865284216
      py: 5.3436271937107405
      pz: 0.0
      ox: 0.0
      oy: 0.0
      oz: -0.6924890601321968
      ow: 0.721428375930159
    exit:
      px: 1.3788141117477652
      py: 0.010907431659402536
      pz: 0.0
      ox: 0.0
      oy: 0.0
      oz: -0.013324562482147348
      ow: 0.9999112240767474


