pose:
  targets:
    living_room: 
      px: -1.0266658854421344
      py: 0.05419524036233447
      pz: 0.0
      ox: 0.0
      oy: 0.0
      oz: 0.05437548500445003
      ow: 0.9985205589423439
    living_room_unknown: 
      px: 0.0
      py: 0.0
      pz: 0.0
      ox: 0.0
      oy: 0.0
      oz: 0.0
      ow: 1.0
