pose:
  targets:
    charging_station:
      px: -1.533402919769287
      py: 0.5565324425697327
      pz: 0.0
      ox: 0.0
      oy: 0.0
      oz: 0.8667208203341565
      ow: 0.4987935641117343
