pose:
  targets:
    examination:
      px: 2.8047714233398438
      py: 0.3493329882621765
      pz: 0.0
      ox: 0.0
      oy: 0.0
      oz: -0.00023671822925210194
      ow: 0.9999999719822396
    exit:
      px: -0.008707046508789062
      py: 4.374064922332764
      pz: 0.0
      ox: 0.0
      oy: 0.0
      oz: 0.9999362844409916
      ow: 0.01128835941775681