pose:
  targets:
    origin:
      px: 0.0
      py: 0.0
      pz: 0.0
      ox: 0.0
      oy: 0.0
      oz: 0.0
      ow: 1.0

    origin_reverse:
      px: 0.0
      py: 0.0
      pz: 0.0
      ox: 0.0
      oy: 0.0
      oz: 0.8939
      ow: -0.4480

    client1:
      px: 1.2999687194824219
      py: 0.5493247509002686
      pz: 0.0
      ox: 0.0
      oy: 0.0
      oz: 0.14327298127915705
      ow: 0.989683208322432

