pose:
  targets:
    pickup:
      px: 2.8169281198533604
      py: 5.338943028136924
      pz: 0.0
      ox: 0.0
      oy: 0.0
      oz: 0.9999819466963081
      ow: 0.006008850261239723
    #pick up mesa
    table_vision:
      px: 4.135764323874271
      py: 4.741771906116035
      pz: 0.0
      ox: 0.0
      oy: 0.0
      oz: 0.8889756531992163
      ow: 0.4579544606388572
    #Vista escritorio
    delivery_drink:  
      px: 6.380534074555962
      py: 4.21572104021697
      pz: 0.0
      ox: 0.0
      oy: 0.0
      oz: 0.22643876552079711
      ow: 0.9740254028871205
    #vista host kitchen
    kitchen:  
      px: 4.302885534075765
      py: 3.2267969521037685
      pz: 0.0
      ox: 0.0
      oy: 0.0
      oz: -0.752914690673125
      ow: 0.6581181266069127
