pose:
  targets:
    interview:
      px: -1.0920171737670898
      py: -1.6548564434051514
      pz: 0.0
      ox: 0.0
      oy: 0.0
      oz: 0.9976051764608961
      ow: 0.06916582897952134