pose:
  targets:
    examination:
      px: 1.5424576997756958
      py: 2.7293381690979004
      pz: 0.0
      ox: 0.0
      oy: 0.0
      oz: 0.9994227202271072
      ow: 0.033973906072887056
    exit:
      px: -1.9283281564712524
      py: 1.2274279594421387
      pz: 0.0 
      ox: 0.0
      oy: 0.0
      oz: -0.6868641265404234
      ow: 0.7267858499392109

