pose:
  targets:
    garbage1:
      px: 3.73925924301
      py: 5.81410360336
      pz: 0.0 
      ox: 0.0
      oy: 0.0
      oz: 0.735470456505
      ow: 0.677556792903
    garbage2:
      px: 3.73925924301
      py: 5.81410360336
      pz: 0.0 
      ox: 0.0
      oy: 0.0
      oz: 0.735470456505
      ow: 0.677556792903
    living_room:
      px: 3.73925924301
      py: 5.81410360336
      pz: 0.0 
      ox: 0.0
      oy: 0.0
      oz: 0.735470456505
      ow: 0.677556792903
    exit:
      px: -0.4864
      py: 7.9802
      pz: 0
      ox: 0
      oy: 0
      oz: -0.9995
      ow: 0.0289
