pose:
  targets:
    pre_examination:
      px: 3.196658134460449
      py: -0.4186909794807434
      pz: 0.0
      ox: 0.0
      oy: 0.0
      oz: -0.004574758807250386
      ow: 0.9999895357361773
    examination:
      px: 6.089727125721128
      py: 1.9027122213580332
      pz: 0.0
      ox: 0.0
      oy: 0.0
      oz: 0.6731306558021896
      ow: 0.7395235765134971
    exit:
      px: 0.7035933219303707
      py: 8.949825634708075
      pz: 0.0
      ox: 0.0
      oy: 0.0
      oz: 0.9997048403444885
      ow: 0.02429469472540903
    examination_c:
      px: 5.126400947570801
      py: -0.03187215328216553
      pz: 0.0
      ox: 0.0
      oy: 0.0
      oz: 0.8846937469109405
      ow: 0.46617268707709664
