pose:
  targets:
    waypoint_1:
      px: 4.140250205993652
      py: 1.8642992973327637
      pz: 0.0
      ox: 0.0
      oy: 0.0
      oz: -0.9592073514750836
      ow: 0.2827034787125114
    waypoint_2:
      px: 2.0789575576782227
      py: 4.378856182098389
      pz: 0.0
      ox: 0.0
      oy: 0.0
      oz: 0.31100296483685286
      ow: 0.9504089413840167
    exit:
      px: -0.5322048664093018
      py: 5.644021511077881
      pz: 0.0
      ox: 0.0
      oy: 0.0
      oz: -0.990876067028151
      ow: 0.13477618406388883
    bed_view:
      px: 7.509667873382568
      py: 5.644039154052734
      pz: 0.0
      ox: 0.0
      oy: 0.0
      oz: -0.9103842927578047
      ow: 0.4137637484119068