pose:
  targets:
    living_room:
      px: -9.594338417053223
      py: -1.9341593980789185
      pz: 0.0
      ox: 0.0
      oy: 0.0
      oz: 0.4576556270452505
      ow: 0.8891295333267356