pose:
  targets:
    kitchen:
      px: -0.31641298893598563
      py: -1.5046267812656513
      pz: 0.0
      ox: 0.0
      oy: 0.0
      oz: 0.9616951719505054
      ow: 0.2741211342583564
    kitchen1:
      px: -0.7447980267046235
      py: 0.5566676460212313
      pz: 0.0
      ox: 0.0
      oy: 0.0
      oz: -0.954362689761309
      ow: 0.2986500567412627
    kitchen2:
      px: -0.1470889805916773
      py: -0.5620215240658097
      pz: 0.0
      ox: 0.0
      oy: 0.0
      oz: -0.996978276770749
      ow: 0.07768085766279675
