pose:
  targets:
    table: 
      px: 5.773718449621239
      py: 5.238292940968391
      pz: 0.0
      ox: 0.0
      oy: 0.0
      oz: -0.011237790107134871
      ow: 0.999936854043048
    cabinet:
      px: 4.969835832817438
      py: 5.304018393959381
      pz: 0.0
      ox: 0.0
      oy: 0.0
      oz: 0.9999821084912006
      ow: 0.00598186404833098





