pose:
  targets:
    bag_1: 
      px: 0.6254494190216064
      py: -3.8074398040771484
      pz: 0.0
      ox: 0.0
      oy: 0.0
      oz: -0.800114134322674
      ow: 0.5998477907411829
    living_room:
      px: 0.0
      py: 0.0
      pz: 0.0
      ox: 0.0
      oy: 0.0
      oz: 0.0
      ow: 1.0