pose:
  targets:
    examination:
      px: 4.936868667602539
      py: 1.4803780317306519
      pz: 0.0
      ox: 0.0
      oy: 0.0
      oz: 0.7985762149913822
      ow: 0.6018937022847455
    exit:
      px: 2.014899492263794
      py: 7.996708869934082
      pz: 0.0
      ox: 0.0
      oy: 0.0
      oz: 0.9999554028145201
      ow: 0.009444171856271456

