pose:
  targets:
    living_room:
      px: 3.041409730911255
      py: 1.2405577898025513
      pz: 0.0
      ox: 0.0
      oy: 0.0
      oz: 0.7017347882885331
      ow: 0.7124382688385342
 
