pose:
  targets:
    examination:
      px: 5.213832378387451
      py: 0.31620609760284424
      pz: 0.0
      ox: 0.0
      oy: 0.0
      oz: -0.28811137944315696
      ow: 0.9575969052975063
    exit:
      px: 3.3937008380889893
      py: 4.253317356109619
      pz: 0.0
      ox: 0.0
      oy: 0.0
      oz: 0.7151949633577055
      ow: 0.6989250062687485
    examination_c:
      px: 5.126400947570801
      py: -0.03187215328216553
      pz: 0.0
      ox: 0.0
      oy: 0.0
      oz: -0.24338547568099847
      ow: 0.9699296418955007
    exit_c:
      px: 3.6128063201904297
      py: 4.006433010101318
      pz: 0.0
      ox: 0.0
      oy: 0.0
      oz: 0.7177490376590847
      ow: 0.6963018877896697




