pose:
  targets:
    shelf:
        px: 2.2223244420180337
        py: 3.740071167540204
        pz: 0.0
        ox: 0.0
        oy: 0.0
        oz: 0.7036224004906122
        ow: 0.7105740760313654
    delivery:
        px: 1.4474070953937452
        py: 3.47910159442711
        pz: 0.0
        ox: 0.0
        oy: 0.0
        oz: -0.9999988590159313
        ow: 0.001510618030999242
