pose:
  targets:
    pickup:
      px: 2.8169281198533604
      py: 5.338943028136924
      pz: 0.0
      ox: 0.0
      oy: 0.0
      oz: 0.9999819466963081
      ow: 0.006008850261239723
    #pick up mesa
    table_vision:
      px: 3.7149380274147092
      py: 4.909489927098269
      pz: 0.0
      ox: 0.0
      oy: 0.0
      oz: 0.6010650079298072
      ow: 0.7992001352867383
    #Vista escritorio
    delivery_drink:  
      px: 6.449609962583568
      py: 4.118355055604438
      pz: 0.0
      ox: 0.0
      oy: 0.0
      oz: -0.010142212108924705
      ow: 0.9999485664440635
    #vista host kitchen
    kitchen:  
      px: 3.907490980278552
      py: 2.475400420028124
      pz: 0.0
      ox: 0.0
      oy: 0.0
      oz: -0.9062061916715091
      ow: 0.4228360653683886