pose:
  targets:
    waypoint_1:
      px: 3.041409730911255
      py: 1.2405577898025513
      pz: 0.0
      ox: 0.0
      oy: 0.0
      oz: 0.7017347882885331
      ow: 0.7124382688385342
    waypoint_2:
      px: 1.0893561840057373
      py: 5.711073398590088
      pz: 0.0
      ox: 0.0
      oy: 0.0
      oz: -0.2534177389061329
    exit:
      px: -0.44825029373168945
      py: 5.704975605010986
      pz: 0.0 
      ox: 0.0
      oy: 0.0
      oz: -0.9999506508837083
      ow: 0.009934575846410368

