pose:
  targets:
    living_room: 
      px: 0.888939380645752
      py: -0.2318282127380371
      pz: 0.0
      ox: 0.0
      oy: 0.0
      oz: 0.0007992040795713746
      ow: 0.9999996806363686
    living_room_unknown: 
      px: 0.0
      py: 0.0
      pz: 0.0
      ox: 0.0
      oy: 0.0
      oz: 0.0
      ow: 1.0
