pose:
  targets:
    examination_a: 
      px: 3.540865182876587
      py: 1.641922950744629
      pz: 0.0 
      ox: 0.0
      oy: 0.0
      oz: -0.8258967231847792
      ow: 0.5638214279651351
    exit_a:
      px: 0.5310685634613037
      py: -2.5956010818481445
      pz: 0.0
      ox: 0.0
      oy: 0.0
      oz: -0.9999806265691998
      ow: 0.006224667563049537
    examination:
      px: 3.7473373413085938
      py: 1.108424186706543
      pz: 0.0
      ox: 0.0
      oy: 0.0
      oz: -0.9559870084391882
      ow: 0.293408997298126
    exit:
      px: 0.48970460891723633
      py: -3.057682991027832
      pz: 0.0
      ox: 0.0
      oy: 0.0
      oz: 0.9997382798119313
      ow: 0.022877322366933888

