pose:
  targets:
    bag_1:
      px: 3.388838291168213
      py: 0.31017524003982544
      pz: 0.0
      ox: 0.0
      oy: 0.0
      oz: 0.009178496541417709
      ow: 0.999957876713434
    bag_2:
      px: 3.3345651626586914
      py: -0.760880708694458
      pz: 0.0
      ox: 0.0
      oy: 0.0
      oz: -0.003655856480662637
      ow: 0.9999933173343674
    initial_point:
      px: 0.5565471649169922
      py: -0.17904436588287354
      pz: 0.0
      ox: 0.0
      oy: 0.0
      oz: -0.016306152578296446
      ow: 0.9998670458556445

