pose:
  targets:
    waypoint_1:
      px: -9.594338417053223
      py: -1.9341593980789185
      pz: 0.0
      ox: 0.0
      oy: 0.0
      oz: 0.4576556270452505
      ow: 0.8891295333267356
    waypoint_2:
      px: -9.172880172729492
      py: -1.350768804550171
      pz: 0.0
      ox: 0.0
      oy: 0.0
      oz: 0.044180960669721374
      ow: 0.9990235446246002
    exit:
      px: -3.177124500274658
      py: 0.4372624158859253
      pz: 0.0 
      ox: 0.0
      oy: 0.0
      oz: 0.6746579218165525
      ow: 0.7381305362401495
    lab:
      px: -5.363215446472168
      py: -8.228538513183594
      pz: 0.0
      ox: 0.0
      oy: 0.0
      oz: 0.6829628807706525
      ow: 0.7304530809637615


