pose:
  targets:
    table: 
      px: 5.892728451076162
      py: 5.014073177808898
      pz: 0.0
      ox: 0.0
      oy: 0.0
      oz: 0.0662540932279994
      ow: 0.9978027836855015
    table_rotate: 
      px: 5.911039399239461
      py: 5.059204351068886
      pz: 0.0
      ox: 0.0
      oy: 0.0
      oz: 0.0662540932279994
      ow: 0.9978027836855015
    cabinet:
      px: 4.969835832817438
      py: 5.304018393959381
      pz: 0.0
      ox: 0.0
      oy: 0.0
      oz: 0.9999821084912006
      ow: 0.00598186404833098





