pose:
  targets:
    waypoint_1:
      px: 3.2289772033691406
      py: 1.776637077331543
      pz: 0.0
      ox: 0.0
      oy: 0.0
      oz: -0.7090003545559975
      ow: 0.7052081233504545
    waypoint_2:
      px: 3.0067975521087646
      py: 3.0709526538848877
      pz: 0.0
      ox: 0.0
      oy: 0.0
      oz: 0.7246680785625232
      ow: 0.6890980887453547
    exit:
      px: -0.401448130607605
      py: 5.473906517028809
      pz: 0.0
      ox: 0.0
      oy: 0.0
      oz: 0.9996924923470413
      ow: 0.02479759554797053