pose:
  targets:
    waypoint_1:
      px: -0.7672996494443507
      py: -1.4123231759530654
      pz: 0.0
      ox: 0.0
      oy: 0.0
      oz: 0.6472786947633277
      ow: 0.7622534298417312
    waypoint_2:
      px: -1.1864239897509334
      py: 0.9510127577200498
      pz: 0.0
      ox: 0.0
      oy: 0.0
      oz: -0.5416471317161737
      ow: 0.8406059628051908
    exit:
      px: 0.8787134789771673
      py: -1.8212858219597918
      pz: 0.0
      ox: 0.0
      oy: 0.0
      oz: -0.2900355269942809
      ow: 0.9570158792210032
