pose:
  targets:
    charging_station:
      px: -0.29078006744384766
      py: -0.13315105438232422
      pz: 0.0
      ox: 0.0
      oy: 0.0
      oz: -0.018100541624940444
      w: 0.9998361717765986