pose:
  targets:
    living_room: 
      px: -0.14860794838298946
      py: -0.35455670746870427
      pz: 0.0
      ox: 0.0
      oy: 0.0
      oz: -0.9999736163423999
      ow: 0.0072640635392952815
    living_room_unknown: 
      px: 0.0
      py: 0.0
      pz: 0.0
      ox: 0.0
      oy: 0.0
      oz: 0.0
      ow: 1.0
