pose:
  targets:
    pickup:
      px: 3.405756852037247
      py: 5.814343784453326
      pz: 0.0
      ox: 0.0
      oy: 0.0
      oz: 0.9998291444342308
      ow: 0.01848464064876692
    handover:
      px: 0.843465
      py: 5.805814
      pz: 0.0
      ox: 0.0
      oy: 0.0
      oz: -0.99994
      ow: 0.01094
    exit:
      px: -0.4864
      py: 7.9802
      pz: 0
      ox: 0
      oy: 0
      oz: -0.9995
      ow: 0.0289
