pose:
  targets:
    waypoint_1:
      px: 2.067817211151123
      py: 0.9587386846542358
      pz: 0.0
      ox: 0.0
      oy: 0.0
      oz: -0.3752906385063072
      ow: 0.9269071888002208
    waypoint_2:
      px: 4.261719703674316
      py: -0.5276873111724854
      pz: 0.0
      ox: 0.0
      oy: 0.0
      oz: 0.9970759383596024
      ow: 0.07641709981619514
    exit:
      px: -0.5508830547332764
      py: -0.1224798709154129
      pz: 0.0
      ox: 0.0
      oy: 0.0
      oz: 0.9714383203367802
      ow: 0.23729220337224546
    


