pose:
  targets:
    examination:
      px: 3.4139058589935303
      py: 2.186765432357788
      pz: 0.0
      ox: 0.0
      oy: 0.0
      oz: 0.692148188162065
      ow: 0.721755419532109
    exit:
      px: -0.38090020418167114
      py: 5.475270748138428
      pz: 0.0
      ox: 0.0
      oy: 0.0
      oz: 0.9999788931391063
      ow: 0.006497174484957608