pose:
  targets:
    living_room:
      px: -2.5016064643859863
      py: -14.993524551391602
      pz: 0.0
      ox: 0.0
      oy: 0.0
      oz: 0.5325828717300648
      ow: 0.8463778616786697

 
