pose:
  targets:
    cabinet_view:
      px: 6.876412324321817
      py: 0.9427422517950801
      pz: 0.0
      ox: 0.0
      oy: 0.0
      oz: 0.7589667870118805
      ow: 0.6511293390816166
    table_view:
      px: 6.593239414905192
      py: 0.39188824280857704
      pz: 0.0
      ox: 0.0
      oy: 0.0
      oz: 0.3610745071129122
      ow: 0.9325369699444455
    arm_view:
      px: 6.675176919695273
      py: 2.35340126160786
      pz: 0.0
      ox: 0.0
      oy: 0.0
      oz: 0.7089948281813014
      ow: 0.7052136793994901