pose:
  targets:
    examination: 
      px: 3.540865182876587
      py: 1.641922950744629
      pz: 0.0 
      ox: 0.0
      oy: 0.0
      oz: -0.8258967231847792
      ow: 0.5638214279651351
    exit:
      px: 0.5310685634613037
      py: -2.5956010818481445
      pz: 0.0
      ox: 0.0
      oy: 0.0
      oz: -0.9999806265691998
      ow: 0.006224667563049537