pose:
  targets:
    shelf_detect:
        px: 2.2659365292111318
        py: 3.3437667517046723
        pz: 0.0
        ox: 0.0
        oy: 0.0
        oz: 0.711808221561316
        ow: 0.7023738717504492
    shelf_pick:
        px: 2.2611706788006067
        py: 3.95423734675761
        pz: 0.0
        ox: 0.0
        oy: 0.0
        oz: 0.711808221561316
        ow: 0.7023738717504492
    delivery:
        px: 1.4474070953937452
        py: 3.47910159442711
        pz: 0.0
        ox: 0.0
        oy: 0.0
        oz: -0.9999988590159313
        ow: 0.001510618030999242
    shelf:
        px: 0.6
        py: 0.2
        pz: 0.05
        ox: 0.0
        oy: 0.0
        oz: 0.0
        ow: 1.0
