pose:
  targets:
    pickup:
        px: 0.843465
        py: 5.805814
        pz: 0.0
        ox: 0.0
        oy: 0.0
        oz: -0.99994
        ow: 0.01094
    handover:
        px: 0.843465
        py: 5.805814
        pz: 0.0
        ox: 0.0
        oy: 0.0
        oz: -0.99994
        ow: 0.01094
    exit:
        px: -0.4864
        py: 7.9802
        pz: 0
        ox: 0
        oy: 0
        oz: -0.9995
        ow: 0.0289
