pose:
  targets:
    living_room: 
      px: -0.9436774253845215
      py: -7.353737831115723
      pz: 0.0
      ox: 0.0
      oy: 0.0
      oz: 0.5832533450192419
      ow: 0.8122903024928128
