pose:
  target:
    table_to_delivery:
      px: 8.271120071411133
      py: 0.6718015670776367
      pz: 0.0
      ox: 0.0
      oy: 0.0
      oz: 0.00712900251124421
      ow: 0.9999745883387211
    front_objects:
      px: 7.58905029296875
      py: 0.670562744140625
      pz: 0.0
      ox: 0.0
      oy: 0.0
      oz: 0.0016025749626073025
      ow: 0.9999987158759202
    table_to_delivery_milk: 
      px: 8.40674877166748
      py: 0.6547722816467285
      pz: 0.0
      ox: 0.0
      oy: 0.0
      oz: -0.08473419823556903
      ow: 0.9964035907449227
    table_to_delivery_spoon: 
      x: 8.390880584716797
      y: 0.7817973494529724
      z: 0.0
    orientation: 
      x: 0.0
      y: 0.0
      z: 0.04974922230858145
      w: 0.9987617407969187


