pose:
  targets:
    waypoint_1: 
      px: -9.288664817810059
      py: -0.03142872452735901
      pz: 0.0
      ox: 0.0
      oy: 0.0
      oz: -0.33003045518964336
      ow: 0.9439702848327995
    waypoint_2:
      px: -7.757325649261475
      py: -2.7467494010925293
      pz: 0.0 
      ox: 0.0
      oy: 0.0
      oz: 0.3866943212033515
      ow: 0.9222079494067914
    exit:
      px: -3.1496005058288574
      py: 0.4515070915222168
      pz: 0.0
      ox: 0.0
      oy: 0.0
      oz: 0.6906311988625937
      ow: 0.7232071260417838
