pose:
  targets:
    examination:
      px: 5.362023830413818
      py: 0.024472951889038086
      pz: 0.0
      ox: 0.0
      oy: 0.0
      oz: -0.24880977841937757
      ow: 0.9685523703769974
    exit:
      px: 3.3937008380889893
      py: 4.253317356109619
      pz: 0.0
      ox: 0.0
      oy: 0.0
      oz: 0.7151949633577055
      ow: 0.6989250062687485
    examination_c:
      px: 5.126400947570801
      py: -0.03187215328216553
      pz: 0.0
      ox: 0.0
      oy: 0.0
      oz: -0.24338547568099847
      ow: 0.9699296418955007
    exit_c:
      px: 3.6128063201904297
      py: 4.006433010101318
      pz: 0.0
      ox: 0.0
      oy: 0.0
      oz: 0.7177490376590847
      ow: 0.6963018877896697