pose:
  targets:
    examination:
        px: 3.73925924301
        py: 5.81410360336
        pz: 0.0 
        ox: 0.0
        oy: 0.0
        oz: 0.735470456505
        ow: 0.677556792903
    exit:
        px: -0.316128969193
        py: 8.0679769516
        pz: 0.0 
        ox: 0.0
        oy: 0.0
        oz: -0.999872170696
        ow: 0.0159888169814

